x :[ 9.15930558e+00  9.80691356e+00  1.04807196e+01  1.11749656e+01
  1.18817459e+01  1.25906823e+01  1.32886584e+01  1.39596694e+01
  1.45848648e+01  1.51428659e+01  1.56104411e+01  1.59635974e+01
  1.61790985e+01  1.62363379e+01  1.61193972e+01  1.58190208e+01
  1.53341703e+01  1.46728292e+01  1.38518254e+01  1.28956190e+01
  1.18342156e+01  1.07005548e+01  9.52780595e+00  8.34698282e+00
  7.18515851e+00  6.06440049e+00  5.00139032e+00  4.00759223e+00
  3.08979266e+00  2.25083936e+00  1.49044264e+00  8.05944698e-01
  1.93002568e-01 -3.53839228e-01 -8.40689630e-01 -1.27395720e+00
 -1.66008735e+00 -2.00537500e+00 -2.31583737e+00 -2.59713371e+00
 -2.85452059e+00 -3.09283348e+00 -3.31648723e+00 -3.52948960e+00
 -3.73546336e+00 -3.93767328e+00 -4.13905537e+00 -4.34224622e+00
 -4.54961075e+00 -4.76326728e+00 -4.98510857e+00 -5.21681827e+00
 -5.45988199e+00 -5.71559214e+00 -5.98504632e+00 -6.26913825e+00
 -6.56854108e+00 -6.88368235e+00 -7.21471028e+00 -7.56145127e+00
 -7.92335856e+00 -8.29945276e+00 -8.68825521e+00 -9.08771643e+00
 -9.49514280e+00 -9.90712607e+00 -1.03194820e+01 -1.07272064e+01
 -1.11244582e+01 -1.15045811e+01 -1.18601764e+01 -1.21832370e+01
 -1.24653541e+01 -1.26979987e+01 -1.28728771e+01 -1.29823463e+01
 -1.30198675e+01 -1.29804614e+01 -1.28611227e+01 -1.26611471e+01
 -1.23823265e+01 -1.20289789e+01 -1.16077993e+01 -1.11275390e+01
 -1.05985428e+01 -1.00321919e+01 -9.44031044e+00 -8.83459302e+00
 -8.22610139e+00 -7.62486514e+00 -7.03960292e+00 -6.47756513e+00
 -5.94448643e+00 -5.44462837e+00 -4.98088897e+00 -4.55495632e+00
 -4.16748582e+00 -3.81828460e+00 -3.50649094e+00 -3.23074040e+00
 -2.98931384e+00 -2.78026494e+00 -2.60152703e+00 -2.45099995e+00
 -2.32661881e+00 -2.22640673e+00 -2.14851379e+00 -2.09124449e+00
 -2.05307593e+00 -2.03266843e+00 -2.02887050e+00 -2.04071939e+00
 -2.06743869e+00 -2.10843369e+00 -2.16328558e+00 -2.23174487e+00
 -2.31372472e+00 -2.40929429e+00 -2.51867245e+00 -2.64222195e+00
 -2.78044392e+00 -2.93397269e+00 -3.10357070e+00 -3.29012317e+00
 -3.49463203e+00 -3.71820864e+00 -3.96206455e+00 -4.22749920e+00
 -4.51588370e+00 -4.82863895e+00 -5.16720660e+00 -5.53301057e+00
 -5.92740678e+00 -6.35161802e+00 -6.80665080e+00 -7.29319052e+00
 -7.81147119e+00 -8.36111645e+00 -8.94094893e+00 -9.54876726e+00
 -1.01810925e+01 -1.08328907e+01 -1.14972840e+01 -1.21652739e+01
 -1.28255083e+01 -1.34641394e+01 -1.40648303e+01 -1.46089770e+01
 -1.50762134e+01 -1.54452504e+01 -1.56950692e+01 -1.58064287e+01
 -1.57635747e+01 -1.55559571e+01 -1.51797000e+01 -1.46385507e+01
 -1.39440857e+01 -1.31150648e+01 -1.21759898e+01 -1.11550823e+01
 -1.00820023e+01 -8.98565743e+00 -7.89238729e+00 -6.82469480e+00
 -5.80056723e+00 -4.83332443e+00 -3.93187089e+00 -3.10120886e+00
 -2.34308316e+00 -1.65665675e+00 -1.03914975e+00 -4.86403376e-01
  6.64733230e-03  4.45593656e-01  8.36259069e-01  1.18447977e+00
  1.49594745e+00  1.77610236e+00  2.03006586e+00  2.26260344e+00
  2.47811045e+00  2.68061438e+00  2.87378895e+00  3.06097575e+00
  3.24521075e+00  3.42925302e+00  3.61561388e+00  3.80658520e+00
  4.00426541e+00  4.21058260e+00  4.42731374e+00  4.65609945e+00
  4.89845361e+00  5.15576715e+00  5.42930543e+00  5.72019816e+00
  6.02942140e+00  6.35777025e+00  6.70582171e+00  7.07388636e+00
  7.46194828e+00  7.86959238e+00  8.29591928e+00  8.73944813e+00
  9.19800932e+00  9.66863055e+00  1.01474217e+01  1.06294668e+01
  1.11087346e+01  1.15780227e+01  1.20289525e+01  1.24520369e+01
  1.28368392e+01  1.31722436e+01  1.34468475e+01  1.36494753e+01
  1.37697973e+01  1.37990150e+01  1.37305569e+01  1.35607073e+01
  1.32890883e+01  1.29189172e+01  1.24569889e+01  1.19133628e+01
  1.13007836e+01  1.06338968e+01  9.92835653e+00  9.19992564e+00
  8.46366261e+00  7.73326482e+00  7.02060538e+00  6.33547013e+00
  5.68547613e+00  5.07613743e+00  4.51103733e+00  3.99206707e+00
  3.51969652e+00  3.09325018e+00  2.71116957e+00  2.37125046e+00
  2.07084865e+00  1.80705261e+00  1.57682364e+00  1.37710625e+00
  1.20491215e+00  1.05738155e+00  9.31825703e-01  8.25754090e-01
  7.36889354e-01  6.63172865e-01  6.02763159e-01  5.54029237e-01
  5.15540327e-01  4.86053378e-01  4.64499312e-01  4.49968811e-01
  4.41698221e-01  4.39056022e-01  4.41530134e-01  4.48716298e-01
  4.60307616e-01  4.76085336e-01  4.95910889e-01  5.19719165e-01
  5.47512991e-01  5.79358761e-01  6.15383176e-01  6.55771018e-01
  7.00763915e-01  7.50660052e-01  8.05814767e-01  8.66642008e-01
  9.33616613e-01  1.00727739e+00  1.08823096e+00  1.17715640e+00
  1.27481056e+00  1.38203414e+00  1.49975847e+00  1.62901289e+00
  1.77093268e+00  1.92676757e+00  2.09789039e+00  2.28580594e+00
  2.49215953e+00  2.71874483e+00  2.96751039e+00  3.24056388e+00
  3.54017295e+00  3.86876101e+00  4.22889582e+00  4.62326812e+00
  5.05465646e+00  5.52587367e+00  6.03968881e+00  6.59871711e+00
  7.20526899e+00  7.86114720e+00  8.56738032e+00  9.32388009e+00
  1.01290113e+01  1.09790665e+01  1.18676475e+01  1.27849681e+01
  1.37171195e+01  1.46453718e+01  1.55456311e+01  1.63882219e+01
  1.71382127e+01  1.77565201e+01  1.82019961e+01  1.84345811e+01
  1.84193792e+01  1.81312011e+01  1.75588016e+01  1.67078448e+01
  1.56017158e+01  1.42797185e+01  1.27928647e+01  1.11981275e+01
  9.55240843e+00  7.90740486e+00  6.30614270e+00  4.78137117e+00
  3.35555650e+00  2.04197003e+00  8.46341217e-01 -2.31346010e-01
 -1.19518441e+00 -2.05193698e+00 -2.80993172e+00 -3.47824012e+00
 -4.06609599e+00 -4.58250438e+00 -5.03599381e+00 -5.43447216e+00
 -5.78515536e+00 -6.09454538e+00 -6.36844047e+00 -6.61196545e+00
 -6.82961368e+00 -7.02529476e+00 -7.20238441e+00 -7.36377374e+00
 -7.51191667e+00 -7.64887447e+00 -7.77635707e+00 -7.89576095e+00
 -8.00820381e+00 -8.11455611e+00 -8.21546977e+00 -8.31140443e+00
 -8.40265147e+00 -8.48935624e+00 -8.57153874e+00 -8.64911302e+00
 -8.72190562e+00 -8.78967316e+00 -8.85211935e+00 -8.90891137e+00
 -8.95969585e+00 -9.00411422e+00 -9.04181765e+00 -9.07248119e+00
 -9.09581716e+00 -9.11158748e+00 -9.11961482e+00 -9.11979225e+00
 -9.11209129e+00 -9.09656808e+00 -9.07336748e+00 -9.04272514e+00
 -9.00496729e+00 -8.96050839e+00 -8.90984671e+00 -8.85355798e+00
 -8.79228724e+00 -8.72673933e+00 -8.65766828e+00 -8.58586577e+00
 -8.51214933e+00 -8.43735036e+00 -8.36230244e+00 -8.28783019e+00
 -8.21473888e+00 -8.14380513e+00 -8.07576865e+00 -8.01132526e+00
 -7.95112117e+00 -7.89574842e+00 -7.84574160e+00 -7.80157555e+00
 -7.76366409e+00 -7.73235948e+00 -7.70795261e+00 -7.69067364e+00
 -7.68069304e+00 -7.67812274e+00 -7.68301751e+00 -7.69537617e+00]y :[ 1.56353854e+01  1.65449739e+01  1.74231797e+01  1.82427681e+01
  1.89711108e+01  1.95704431e+01  1.99987685e+01  2.02116234e+01
  2.01648758e+01  1.98186172e+01  1.91420043e+01  1.81186089e+01
  1.67514919e+01  1.50669309e+01  1.31156337e+01  1.09705157e+01
  8.72075867e+00  6.46279197e+00  4.28976090e+00  2.28158552e+00
  4.97607013e-01 -1.02693339e+00 -2.28042538e+00 -3.27126030e+00
 -4.02242170e+00 -4.56570121e+00 -4.93659061e+00 -5.17040345e+00
 -5.29974035e+00 -5.35312786e+00 -5.35453674e+00 -5.32347660e+00
 -5.27541539e+00 -5.22234324e+00 -5.17336529e+00 -5.13525878e+00
 -5.11296384e+00 -5.10999864e+00 -5.12880076e+00 -5.17100256e+00
 -5.23764953e+00 -5.32937091e+00 -5.44651091e+00 -5.58922721e+00
 -5.75756260e+00 -5.95149422e+00 -6.17096379e+00 -6.41589160e+00
 -6.68617604e+00 -6.98168013e+00 -7.30220564e+00 -7.64745539e+00
 -8.01698355e+00 -8.41013389e+00 -8.82596564e+00 -9.26316660e+00
 -9.71995375e+00 -1.01939616e+01 -1.06821201e+01 -1.11805243e+01
 -1.16843006e+01 -1.21874772e+01 -1.26828674e+01 -1.31619802e+01
 -1.36149755e+01 -1.40306855e+01 -1.43967259e+01 -1.46997240e+01
 -1.49256877e+01 -1.50605337e+01 -1.50907827e+01 -1.50044079e+01
 -1.47918003e+01 -1.44467821e+01 -1.39675694e+01 -1.33575588e+01
 -1.26258062e+01 -1.17870741e+01 -1.08613672e+01 -9.87294109e+00
 -8.84884993e+00 -7.81718287e+00 -6.80519679e+00 -5.83757697e+00
 -4.93503345e+00 -4.11337745e+00 -3.38313626e+00 -2.74967671e+00
 -2.21373889e+00 -1.77224292e+00 -1.41922500e+00 -1.14677815e+00
 -9.45905833e-01 -8.07234373e-01 -7.21562476e-01 -6.80251304e-01
 -6.75473612e-01 -7.00347978e-01 -7.48985573e-01 -8.16474767e-01
 -8.98824879e-01 -9.92885828e-01 -1.09625621e+00 -1.20718860e+00
 -1.32449804e+00 -1.44747725e+00 -1.57582080e+00 -1.70955887e+00
 -1.84900098e+00 -1.99468910e+00 -2.14735947e+00 -2.30791237e+00
 -2.47738871e+00 -2.65695254e+00 -2.84787852e+00 -3.05154339e+00
 -3.26942038e+00 -3.50307593e+00 -3.75416746e+00 -4.02444162e+00
 -4.31573161e+00 -4.62995284e+00 -4.96909538e+00 -5.33521171e+00
 -5.73039819e+00 -6.15676770e+00 -6.61641110e+00 -7.11134420e+00
 -7.64343621e+00 -8.21431540e+00 -8.82524631e+00 -9.47697264e+00
 -1.01695192e+01 -1.09019459e+01 -1.16720480e+01 -1.24759973e+01
 -1.33079238e+01 -1.41594412e+01 -1.50191323e+01 -1.58720199e+01
 -1.66990738e+01 -1.74768237e+01 -1.81771832e+01 -1.87676182e+01
 -1.92118196e+01 -1.94710481e+01 -1.95062975e+01 -1.92813404e+01
 -1.87665835e+01 -1.79434385e+01 -1.68086641e+01 -1.53778885e+01
 -1.36873991e+01 -1.17933857e+01 -9.76820736e+00 -7.69390054e+00
 -5.65387647e+00 -3.72431550e+00 -1.96691417e+00 -4.24282221e-01
  8.81446135e-01  1.94704395e+00  2.78453758e+00  3.41658097e+00
  3.87186072e+00  4.18121103e+00  4.37474938e+00  4.48004817e+00
  4.52118094e+00  4.51841327e+00  4.48831395e+00  4.44410371e+00
  4.39611057e+00  4.35224779e+00  4.31846607e+00  4.29915660e+00
  4.29749650e+00  4.31573738e+00  4.35544170e+00  4.41767345e+00
  4.50314981e+00  4.61236003e+00  4.74565699e+00  4.90332580e+00
  5.08563336e+00  5.29286165e+00  5.52532705e+00  5.78338732e+00
  6.06743732e+00  6.37789403e+00  6.71517084e+00  7.07964098e+00
  7.47158907e+00  7.89114989e+00  8.33823282e+00  8.81243049e+00
  9.31290992e+00  9.83828483e+00  1.03864683e+01  1.09545055e+01
  1.15383893e+01  1.21328614e+01  1.27312077e+01  1.33250600e+01
  1.39042217e+01  1.44565420e+01  1.49678725e+01  1.54221450e+01
  1.58016152e+01  1.60873213e+01  1.62597962e+01  1.63000595e+01
  1.61908832e+01  1.59182828e+01  1.54731262e+01  1.48526947e+01
  1.40619744e+01  1.31144337e+01  1.20320614e+01  1.08445169e+01
  9.58737786e+00  8.29963345e+00  7.02072879e+00  5.78757014e+00
  4.63191547e+00  3.57849437e+00  2.64404765e+00  1.83729535e+00
  1.15968470e+00  6.06670471e-01  1.69252876e-01 -1.64469947e-01
 -4.07910872e-01 -5.74863512e-01 -6.78665257e-01 -7.31638411e-01
 -7.44766934e-01 -7.27555879e-01 -6.88021560e-01 -6.32767636e-01
 -5.67111793e-01 -4.95237096e-01 -4.20350180e-01 -3.44834789e-01
 -2.70393896e-01 -1.98176879e-01 -1.28890430e-01 -6.28932691e-02
 -2.75534395e-04  5.90758004e-02  1.15423942e-01  1.69140138e-01
  2.20670838e-01  2.70512721e-01  3.19194296e-01  3.67262917e-01
  4.15276224e-01  4.63797147e-01  5.13391774e-01  5.64629475e-01
  6.18084815e-01  6.74340869e-01  7.33993652e-01  7.97657417e-01
  8.65970693e-01  9.39602913e-01  1.01926159e+00  1.10569999e+00
  1.19972529e+00  1.30220720e+00  1.41408718e+00  1.53638806e+00
  1.67022436e+00  1.81681313e+00  1.97748535e+00  2.15369796e+00
  2.34704639e+00  2.55927747e+00  2.79230260e+00  3.04821085e+00
  3.32928155e+00  3.63799577e+00  3.97704588e+00  4.34934181e+00
  4.75801255e+00  5.20640043e+00  5.69804533e+00  6.23665460e+00
  6.82605352e+00  7.47010914e+00  8.17261878e+00  8.93715153e+00
  9.76682860e+00  1.06640250e+01  1.16299719e+01  1.26642359e+01
  1.37640511e+01  1.49234784e+01  1.61323780e+01  1.73751918e+01
  1.86295637e+01  1.98648763e+01  2.10408533e+01  2.21064822e+01
  2.29996429e+01  2.36479643e+01  2.39715395e+01  2.38881301e+01
  2.33212865e+01  2.22112802e+01  2.05278462e+01  1.82825615e+01
  1.55375987e+01  1.24072062e+01  9.04923297e+00  5.64655532e+00
  2.38174299e+00 -5.88820073e-01 -3.15450669e+00 -5.25906359e+00
 -6.89762724e+00 -8.10521671e+00 -8.94157263e+00 -9.47677549e+00
 -9.78030824e+00 -9.91431809e+00 -9.93053106e+00 -9.86973001e+00
 -9.76271012e+00 -9.63188440e+00 -9.49301573e+00 -9.35679873e+00
 -9.23017991e+00 -9.11739868e+00 -9.02077731e+00 -8.94130415e+00
 -8.87905556e+00 -8.83349626e+00 -8.80369033e+00 -8.78844770e+00
 -8.78642453e+00 -8.79619121e+00 -8.81627768e+00 -8.84520305e+00
 -8.88149473e+00 -8.92370044e+00 -8.97039586e+00 -9.02018956e+00
 -9.07172677e+00 -9.12369272e+00 -9.17481635e+00 -9.22387484e+00
 -9.26969923e+00 -9.31118125e+00 -9.34728153e+00 -9.37703895e+00
 -9.39958102e+00 -9.41413504e+00 -9.42003961e+00 -9.41675611e+00
 -9.40387957e+00 -9.38114853e+00 -9.34845308e+00 -9.30584089e+00
 -9.25352037e+00 -9.19186082e+00 -9.12138910e+00 -9.04278269e+00
 -8.95685916e+00 -8.86456213e+00 -8.76694409e+00 -8.66514659e+00
 -8.56037828e+00 -8.45389167e+00 -8.34695938e+00 -8.24085052e+00
 -8.13680823e+00 -8.03602878e+00 -7.93964318e+00 -7.84870137e+00
 -7.76415964e+00 -7.68687118e+00 -7.61757988e+00 -7.55691710e+00
 -7.50540137e+00 -7.46344034e+00 -7.43133482e+00 -7.40928433e+00
 -7.39739367e+00 -7.39568018e+00 -7.40408111e+00 -7.42246091e+00
 -7.45061798e+00 -7.48829079e+00 -7.53516297e+00 -7.59086757e+00
 -7.65499008e+00 -7.72707046e+00 -7.80660413e+00 -7.89304197e+00]z :[16.3621935  17.35796107 18.5176334  19.84990445 21.35919672 23.04371732
 24.89327051 26.88701799 28.99150667 31.1594197  33.32960847 35.42897021
 37.37657944 39.09011103 40.49402588 41.52834628 42.15635188 42.36943849
 42.18786122 41.65706178 40.84043137 39.81024109 38.63874709 37.39110599
 36.1209583  34.86871537 33.66200055 32.51744904 31.44310838 30.4408745
 29.50862754 28.64192451 27.83523557 27.08278094 26.37905215 25.7191027
 25.09868096 24.51426247 23.96302344 23.44278416 22.9519411  22.48939912
 22.05451038 21.64702294 21.26704019 20.91499076 20.59160807 20.29791813
 20.03523413 19.8051562  19.60957479 19.45067567 19.33094484 19.25317081
 19.22044188 19.23613489 19.30389202 19.42758072 19.61123184 19.85894967
 20.17478758 20.56258227 21.02574066 21.56697413 22.18797825 22.8890602
 23.66872296 24.52322456 25.44614164 26.42797975 27.45588494 28.51352145
 29.58118345 30.63620217 31.65368899 32.60761865 33.4722067  34.22347777
 34.8408683  35.30867224 35.61713524 35.76303846 35.74968471 35.58629337
 35.2869042  34.86896172 34.35178466 33.75511564 33.09790197 32.39739565
 31.66859624 30.92400814 30.17365122 29.42524977 28.68452735 27.95554685
 27.24105075 26.542773   25.861707   25.19832459 24.55274745 23.92487621
 23.31448437 22.72128419 22.14497147 21.58525491 21.04187485 20.51461491
 20.00330957 19.50784938 19.02818547 18.56433434 18.11638344 17.68449837
 17.26893183 16.87003473 16.4882698  16.12422799 15.77864799 15.45243922
 15.14670886 14.86279312 14.60229352 14.36711841 14.15953029 13.98219915
 13.83826197 13.73138813 13.6658498  13.64659583 13.67932624 13.77056292
 13.9277098  14.15909298 14.47396712 14.88247021 15.39550259 16.02450049
 16.78106784 17.67642564 18.72063654 19.92156772 21.28357111 22.80589158
 24.48086663 26.29205703 28.21254458 30.20373769 32.21511128 34.18533181
 36.04513197 37.72205991 39.14683329 40.26054111 41.02150071 41.41037859
 41.43237736 41.11589534 40.50791786 39.66719798 38.65673507 37.53702138
 36.36107945 35.17168417 34.00060137 32.86932878 31.79072185 30.77095977
 29.8114652  28.91055776 28.06475496 27.26972119 26.52091235 25.81398025
 25.14500078 24.51058099 23.90788814 23.33463274 22.78902778 22.26973871
 21.77583344 21.30673758 20.8621975  20.44225239 20.04721528 19.67766239
 19.33443034 19.01862003 18.73160639 18.47505318 18.25093159 18.06154177
 17.90953578 17.79794048 17.73017805 17.71008143 17.74190108 17.8302983
 17.98031922 18.19734209 18.4869889  18.85499117 19.30699815 19.84831558
 20.48356387 21.21624711 22.04823015 22.97913049 24.00564546 25.12085441
 26.31355866 27.56774693 28.86229644 30.17103283 31.46326693 32.70489416
 33.86007855 34.89344849 35.77261921 36.47075173 36.96879154 37.25703221
 37.33573413 37.21468595 36.91178856 36.45091694 35.85942588 35.165685
 34.39696321 33.57786266 32.72936842 31.86846784 31.00822209 30.15814449
 29.32474644 28.51213836 27.72260717 26.95712411 26.21576235 25.49802192
 24.80307016 24.12991093 23.47749745 22.84480267 22.23085919 21.63477827
 21.05575536 20.49306752 19.94606637 19.41416924 18.89684983 18.39362957
 17.90406987 17.42776565 16.96434007 16.51344032 16.07473448 15.64790917
 15.23266792 14.82873022 14.435831   14.0537206  13.68216515 13.32094737
 12.96986768 12.62874585 12.29742296 11.97576405 11.6636612  11.36103748
 11.06785163 10.78410384 10.50984272 10.24517374  9.99026946  9.74538188
  9.51085742  9.28715495  9.07486758  8.8747489   8.68774468  8.51503082
  8.35805906  8.21861154  8.09886608  8.00147358  7.9296497   7.88728246
  7.8790577   7.9106036   7.98865484  8.12123558  8.31785777  8.58972787
  8.94994901  9.41369781  9.99834297 10.72345739 11.61065513 12.68315984
 13.96498429 15.47957531 17.24776462 19.28487853 21.59692179 24.17589237
 26.99453421 30.00120705 33.11601463 36.2297726  39.20759576 41.89853763
 44.15155693 45.8361113  46.86339052 47.20263697 46.88731768 46.00858198
 44.69760461 43.10211672 41.36381029 39.60188582 37.90492324 36.33025695
 34.90833029 33.64925771 32.54949677 31.59746401 30.7776982  30.07364197
 29.46931838 28.95021715 28.50366329 28.11887358 27.78684214 27.50014547
 27.25272094 27.03964888 26.85695301 26.70142538 26.57047649 26.4620093
 26.37431408 26.30598125 26.25582915 26.22284419 26.20613099 26.20487085
 26.2182869  26.24561495 26.28607905 26.3388712  26.40313485 26.47795177
 26.5623324  26.65520939 26.75543451 26.86177884 26.97293644 27.08753128
 27.20412757 27.32124318 27.43736602 27.55097301 27.66055106 27.76461966
 27.86175424 27.95060968 28.02994308 28.09863512 28.15570911 28.20034725
 28.23190338 28.24991189 28.25409258 28.24435139 28.22077717 28.18363466
 28.13335436 28.07051954 27.99585132 27.91019215 27.81448861 27.70977398
 27.59715113 27.47777622 27.35284356 27.22357181 27.09119176 26.95693572
 26.8220284  26.68767938 26.55507682 26.42538239 26.29972709 26.17920783
 26.06488447 25.95777717 25.85886374 25.7690768 ]