x :[  0.           0.1          0.189        0.27091      0.34891271
   0.42564892   0.50336282   0.58401672   0.66938231   0.76111418
   0.86080992   0.97006014   1.0904912    1.22380243   1.37179962
   1.53642578   1.71979005   1.92419528   2.15216435   2.40646528
   2.69013434   3.00649622   3.35917939   3.75212404   4.18957861
   4.67607942   5.21640566   5.81549919   6.47833505   7.20972387
   8.0140225    8.89472281   9.85388372  10.89136753  12.00384325
  13.18353094  14.41668926  15.6819044   16.94833164  18.17417922
  19.30590225  20.27875719  21.01947665  21.45172608  21.5045431
  21.12304982  20.27950808  18.9817414   17.27581576  15.24119377
  12.97910333  10.59738906   8.19620572   5.85800897   3.6431472
   1.59030315  -0.28003313  -1.96090851  -3.45437584  -4.76776041
  -5.91092167  -6.89444197  -7.72856639  -8.42270054  -8.98529575
  -9.42398364  -9.74585297  -9.95778604 -10.06679103 -10.08028275
 -10.00627844  -9.8534896   -9.63130507  -9.34967335  -9.01890371
  -8.64941295  -8.25144821  -7.83481534  -7.40863772  -6.98116343
  -6.55963072  -6.15019417  -5.75790773  -5.38675641  -5.03972626
  -4.71890128  -4.42557685  -4.16038038  -3.92339198  -3.71425957
  -3.53230482  -3.37661768  -3.24613852  -3.13972775  -3.05622346
  -2.99448807  -2.95344501  -2.93210694  -2.92959653  -2.9451612
  -2.97818282  -3.02818339  -3.09482754  -3.17792243  -3.27741576
  -3.3933921   -3.52606782  -3.67578481  -3.84300281  -4.02829026
  -4.23231321  -4.45582194  -4.69963452  -4.96461642  -5.25165522
  -5.56162907  -5.89536748  -6.25360263  -6.63690953  -7.04563282
  -7.47979851  -7.93900862  -8.42231784  -8.92809167  -9.45384761
  -9.99608286 -10.55009584 -11.10981266 -11.66763551 -12.21433585
 -12.73902142 -13.22921122 -13.67105415 -14.04972377 -14.35001014
 -14.55710857 -14.65757409 -14.64037306 -14.49792471 -14.22699801
 -13.82932176 -13.31178856 -12.68618623 -11.96846547 -11.17763107
 -10.33440688  -9.45985317  -8.57410566  -7.69536329  -6.83919276
  -6.01815913  -5.24174567  -4.51649924  -3.8463287   -3.23288882
  -2.67599473  -2.17402725  -1.72430371  -1.32340092  -0.96742512
  -0.65222994  -0.37358643  -0.12731089   0.09064281   0.28412046
   0.45672835   0.61181282   0.752454     0.88147039   1.00143109
   1.11467356   1.22332473   1.32932435   1.43444922   1.54033752
   1.64851284   1.76040715   1.87738282   2.00075323   2.13180197
   2.2718006    2.42202482   2.5837691    2.75835961   2.94716524
   3.15160661   3.37316261   3.61337404   3.87384361   4.15623146
   4.46224493   4.79362123   5.15210085   5.53938958   5.95710614
   6.406712     6.88941955   7.40607423   7.95700603   8.54184619]y :[  1.           0.99         1.0081       1.05093713   1.11627479
   1.20278792   1.3099018    1.43767262   1.58670105   1.75807153
   1.95331217   2.17437072   2.42360349   2.70377432   3.01806121
   3.37006854   3.76384231   4.203886     4.69517365   5.24315589
   5.85375311   6.53332792   7.28862589   8.12666974   9.05458671
  10.07934179  11.207341    12.44385774  13.79222332  15.25271016
  16.8210256   18.4863319   20.22872177  22.01612481  23.80072015
  25.51511409  27.06884069  28.34617677  29.20680747  29.4914095
  29.03445163  27.68595179  25.34197102  21.9798962   17.68961033
  12.68763244   7.30184131   1.92248492  -3.07040413  -7.37971061
 -10.8380394  -13.41444426 -15.18576187 -16.2906087  -16.88529327
 -17.11305964 -17.08878697 -16.89558182 -16.58822151 -16.19937301
 -15.74612471 -15.23568612 -14.66990792 -14.04865263 -13.37217463
 -12.64267697 -11.86518364 -11.04783596 -10.20170827  -9.34023958
  -8.47839009  -7.6316443   -6.81498786  -6.04197695  -5.32399609
  -4.66976553  -4.08511952  -3.57303916  -3.13389482  -2.76583631
  -2.46526525  -2.22732974  -2.04639457  -1.91645491  -1.83147649
  -1.78565694  -1.77361215  -1.79049637  -1.83206786  -1.89471205
  -1.97543343  -2.07182609  -2.18203081  -2.30468491  -2.43886951
  -2.58405749  -2.7400643   -2.90700284  -3.08524322  -3.27537739
  -3.47818856  -3.69462483  -3.92577645  -4.17285578  -4.43717912
  -4.72014928  -5.02323772  -5.34796487  -5.69587728  -6.06851974
  -6.46740057  -6.89394774  -7.3494535   -7.83500439  -8.35139375
  -8.89901313  -9.47771901 -10.0866716  -10.72414251 -11.38728966
 -12.07189961 -12.77210079 -13.4800562  -14.18565101 -14.87620014
 -15.53621269 -16.14726406 -16.68804117 -17.13463882 -17.46119156
 -17.64091946 -17.64764052 -17.45775034 -17.05258752 -16.42099435
 -15.56176385 -14.48556379 -13.21588956 -11.7886577  -10.25023553
  -8.65398968  -7.05576531  -5.50897858  -4.0601215   -2.74538917
  -1.58886977  -0.60237812   0.21331803   0.86634203   1.37114357
   1.74597548   2.01071864   2.18520617   2.2880701    2.33605203
   2.34368011   2.32320811   2.28472424   2.2363571    2.1845266
   2.13420524   2.08916897   2.0522261    2.02541925   2.0101994
   2.00757302   2.01822464   2.04261786   2.08107747   2.13385572
   2.20118525   2.28332097   2.38057299   2.49333229   2.62209065
   2.76745594   2.93016389   3.11108693   3.31124065   3.53178822
   3.77404279   4.0394677    4.32967421   4.64641588   4.99157889
   5.36716662   5.77527693   6.21806977   6.69772205   7.2163662
   7.7760079    8.37841741   9.02498818   9.71655516  10.45316472
  11.23378752  12.05596632  12.91539225  13.80540761  14.71644008]z :[0.00000000e+00 0.00000000e+00 9.90000000e-04 2.86890900e-03
 5.63949854e-03 9.38393655e-03 1.42533520e-02 2.04668213e-02
 2.83172878e-02 3.81832562e-02 5.05459678e-02 6.60123802e-02
 8.53447538e-02 1.09498076e-01 1.39666984e-01 1.77344283e-01
 2.24393704e-01 2.83140057e-01 3.56480632e-01 4.48022335e-01
 5.62249799e-01 7.04730294e-01 8.82361743e-01 1.10367011e+00
 1.37916164e+00 1.72173302e+00 2.14713817e+00 2.67450152e+00
 3.32685393e+00 4.13164426e+00 5.12114537e+00 6.33262227e+00
 7.80806032e+00 9.59316010e+00 1.17351996e+01 1.42792620e+01
 1.72622747e+01 2.07043780e+01 2.45974816e+01 2.88916154e+01
 3.34809939e+01 3.81935302e+01 4.27894030e+01 4.69751020e+01
 5.04374997e+01 5.28965696e+01 5.41660093e+01 5.42023599e+01
 5.31218848e+01 5.11748638e+01 4.86854448e+01 4.59804859e+01
 4.33327588e+01 4.09325623e+01 3.88867220e+01 3.72345866e+01
 3.59695148e+01 3.50581820e+01 3.44546040e+01 3.41088341e+01
 3.39716125e+01 3.39964439e+01 3.41402876e+01 3.43636535e+01
 3.46305654e+01 3.49086131e+01 3.51691605e+01 3.53876796e+01
 3.55441280e+01 3.56232692e+01 3.56148380e+01 3.55134803e+01
 3.53184374e+01 3.50329847e+01 3.46636769e+01 3.42194782e+01
 3.37108661e+01 3.31489912e+01 3.25449591e+01 3.19092725e+01
 3.12514461e+01 3.05797865e+01 2.99013106e+01 2.92217718e+01
 2.85457594e+01 2.78768405e+01 2.72177215e+01 2.65704081e+01
 2.59363554e+01 2.53165984e+01 2.47118637e+01 2.41226590e+01
 2.35493457e+01 2.29921949e+01 2.24514305e+01 2.19272630e+01
 2.14199153e+01 2.09296439e+01 2.04567565e+01 2.00016281e+01
 1.95647165e+01 1.91465776e+01 1.87478822e+01 1.83694347e+01
 1.80121932e+01 1.76772928e+01 1.73660715e+01 1.70800991e+01
 1.68212094e+01 1.65915366e+01 1.63935532e+01 1.62301124e+01
 1.61044915e+01 1.60204358e+01 1.59822021e+01 1.59945965e+01
 1.60630040e+01 1.61934036e+01 1.63923598e+01 1.66669819e+01
 1.70248356e+01 1.74737938e+01 1.80218041e+01 1.86765559e+01
 1.94450223e+01 2.03328617e+01 2.13436647e+01 2.24780522e+01
 2.37326476e+01 2.50989842e+01 2.65624465e+01 2.81013951e+01
 2.96866682e+01 3.12816822e+01 3.28433455e+01 3.43239373e+01
 3.56739751e+01 3.68459014e+01 3.77981995e+01 3.84993583e+01
 3.89310095e+01 3.90896374e+01 3.89864956e+01 3.86457350e+01
 3.81011163e+01 3.73919560e+01 3.65590374e+01 3.56411139e+01
 3.46723940e+01 3.36811287e+01 3.26891901e+01 3.17124028e+01
 3.07613420e+01 2.98423447e+01 2.89585421e+01 2.81107924e+01
 2.72984545e+01 2.65199885e+01 2.57733933e+01 2.50565068e+01
 2.43671996e+01 2.37034877e+01 2.30635898e+01 2.24459481e+01
 2.18492254e+01 2.12722907e+01 2.07141988e+01 2.01741679e+01
 1.96515599e+01 1.91458624e+01 1.86566751e+01 1.81836998e+01
 1.77267336e+01 1.72856662e+01 1.68604807e+01 1.64512569e+01
 1.60581786e+01 1.56815433e+01 1.53217759e+01 1.49794449e+01
 1.46552838e+01 1.43502150e+01 1.40653795e+01 1.38021715e+01
 1.35622784e+01 1.33477277e+01 1.31609403e+01 1.30047914e+01
 1.28826791e+01 1.27986002e+01 1.27572331e+01 1.27640247e+01
 1.28252803e+01 1.29482494e+01 1.31412006e+01 1.34134747e+01
 1.37754984e+01 1.42387379e+01 1.48155618e+01 1.55189772e+01]