x :[ -7.71514275  -7.74220743  -7.77640722  -7.81752643  -7.86529681
  -7.91939744  -7.97945449  -8.04504075  -8.11567519  -8.19082261
  -8.26989341  -8.35224388  -8.43717687  -8.52394333  -8.61174462
  -8.69973609  -8.78703178  -8.87271069  -8.95582453  -9.03540721
  -9.11048595  -9.18009412  -9.24328554  -9.29915012  -9.3468306
  -9.38553976  -9.41457792  -9.43334991  -9.44138108  -9.43833154
  -9.42400821  -9.39837392  -9.36155312  -9.31383391  -9.25566603
  -9.18765484  -9.11055139  -9.02523899  -8.93271652  -8.83407936
  -8.73049849  -8.62319852  -8.51343551  -8.40247526  -8.2915727
  -8.18195307  -8.07479519  -7.97121725  -7.87226512  -7.7789035
  -7.69200948  -7.61236866  -7.54067336  -7.47752274  -7.42342447
  -7.37879749  -7.34397579  -7.31921248  -7.30468427  -7.30049574
  -7.30668341  -7.32321921  -7.35001337  -7.38691659  -7.43372118
  -7.49016155  -7.55591363  -7.63059353  -7.71375541  -7.80488862
  -7.90341442  -8.00868222  -8.11996586  -8.23645989  -8.35727645
  -8.48144292  -8.60790073  -8.73550591  -8.8630316   -8.98917312
  -9.11255597  -9.23174709  -9.34526966  -9.45162177  -9.54929868
  -9.63681884  -9.71275293  -9.77575556  -9.82459855  -9.85820472
  -9.87568089  -9.87634853  -9.85977061  -9.82577307  -9.77445969
  -9.70621916  -9.6217237   -9.52191902  -9.40800578  -9.28141318
  -9.14376605  -8.99684665  -8.84255318  -8.68285672  -8.51975842
  -8.35524883  -8.19127062  -8.02968591  -7.87224907  -7.72058534
  -7.57617537  -7.4403455   -7.31426327  -7.19893766  -7.09522309
  -7.00382667  -6.92531763  -6.86013832  -6.808616    -6.77097482
  -6.74734739  -6.73778558  -6.74227008  -6.76071855  -6.79299201
  -6.83889948  -6.89820066  -6.97060667  -7.05577885  -7.1533256
  -7.26279738  -7.38367999  -7.51538628  -7.65724643  -7.80849715
  -7.96827013  -8.13558009  -8.30931302  -8.48821518  -8.67088367
  -8.85575934  -9.04112307  -9.22509642  -9.4056478   -9.58060511
  -9.74767606  -9.90447677 -10.04856925 -10.17750786 -10.28889417
 -10.38043926 -10.45003139 -10.49580667 -10.51621931 -10.51010776
 -10.47675265 -10.4159226  -10.32790422 -10.21351367 -10.07408793
  -9.91145564  -9.72788851  -9.52603599  -9.30884679  -9.07948183
  -8.84122357  -8.59738661  -8.35123399  -8.10590283  -7.86434199
  -7.62926337  -7.40310724  -7.18802151  -6.98585351  -6.79815296
  -6.62618396  -6.47094413  -6.33318864  -6.2134576   -6.1121048
  -6.02932658  -5.96518976  -5.91965753  -5.89261292  -5.88387922
  -5.89323717  -5.92043879  -5.96521765  -6.02729577  -6.10638708
  -6.20219757  -6.3144221   -6.44273804  -6.58679574  -6.74620589
  -6.92052379  -7.10923069  -7.31171222  -7.52723415  -7.75491582
  -7.99370152  -8.24233072  -8.49930784  -8.76287292  -9.03097474
  -9.30124828  -9.57099913  -9.83719737 -10.09648415 -10.34519397
 -10.57939593 -10.79495632 -10.98762425 -11.15314077 -11.28736975
 -11.3864468  -11.44693994 -11.46601314 -11.44158213 -11.3724504
 -11.25841323 -11.10031937 -10.90008215 -10.66063672 -10.38584409
 -10.08034831  -9.74939711  -9.39863934  -9.03391435  -8.66104765
  -8.28566583  -7.9130401   -7.54796468  -7.19467248  -6.85678698
  -6.53730732  -6.23862121  -5.96254014  -5.71035054  -5.48287545
  -5.28054153  -5.10344748  -4.9514306   -4.82412911  -4.72103898
  -4.64156401  -4.58505913  -4.55086663  -4.53834586  -4.54689657
  -4.57597653  -4.62511399  -4.69391537  -4.78206875  -4.88934347
  -5.01558606  -5.16071279  -5.32469871  -5.50756328  -5.70935221
  -5.93011539  -6.16988035  -6.42862094  -6.70622052  -7.00242938
  -7.31681575  -7.64871029  -7.99714394  -8.36077977  -8.73783966
  -9.12602811  -9.52245598  -9.92356879 -10.32508566 -10.72195649
 -11.10834707 -11.47766258 -11.82262088 -12.13538622 -12.40777129
 -12.63151142 -12.79860718 -12.90172291 -12.93461807 -12.89257826
 -12.77280483 -12.57471912 -12.3001404  -11.95330769 -11.54073234
 -11.07088919 -10.55377484 -10.00037797  -9.42211516  -8.83028628
  -8.23559493  -7.64776611  -7.07527738  -6.5252047   -6.00317265
  -5.51339067  -5.05875389  -4.64098708  -4.26081217  -3.91812389
  -3.61216152  -3.34166882  -3.10503716  -2.90042945  -2.72588448
  -2.57940217  -2.45901148  -2.36282282  -2.28906711  -2.23612365
  -2.20253884  -2.18703755  -2.18852875  -2.20610693  -2.23905029
  -2.28681684  -2.3490391   -2.42551803  -2.51621655  -2.62125315
  -2.7408955   -2.87555433  -3.0257774   -3.19224343  -3.37575572
  -3.57723504  -3.7977112   -4.0383127   -4.30025338  -4.58481519
  -4.89332553  -5.22712751  -5.58754123  -5.9758136   -6.39305411
  -6.8401533   -7.31768089  -7.82575998  -8.36391449  -8.93088763
  -9.52443073 -10.14106505 -10.77582291 -11.42198124 -12.07080856
 -12.71135671 -13.33033996 -13.91215491 -14.43910143 -14.89186463
 -15.25030353 -15.49456114 -15.60645917 -15.57107409 -15.37832018
 -15.02431011 -14.51224805 -13.85265219 -13.06280544 -12.16547506
 -11.18708504 -10.15562546  -9.0986114   -8.04135723  -7.00573372
  -6.00946108  -5.06589469  -4.18419911  -3.36978366  -2.62487981
  -1.94916423  -1.3403605   -0.79477931  -0.30777805   0.12586463
   0.51165477   0.85516062   1.16185052   1.43698047   1.68552115
   1.91211574   2.12106102   2.31630583   2.50146194   2.67982337
   2.85439115   3.02790114   3.20285293   3.38153849   3.56606938
   3.75840163   3.96035755   4.17364389   4.39986565   4.64053513]y :[ -7.98578948  -8.08420533  -8.18759935  -8.29523021  -8.40630317
  -8.51996793  -8.63531706  -8.75138518  -8.86714932  -8.98153067
  -9.0933981   -9.20157383  -9.30484139  -9.40195627  -9.4916593
  -9.57269302  -9.64382085  -9.70384909  -9.75165129  -9.78619465
  -9.80656766  -9.81200827  -9.8019314   -9.77595486  -9.7339222
  -9.67592135  -9.60229789  -9.51366158  -9.4108857   -9.29509827
  -9.16766526  -9.03016594  -8.88436106  -8.73215511  -8.57555407
  -8.41662041  -8.25742736  -8.10001426  -7.94634494  -7.79827064
  -7.65749879  -7.52556846  -7.40383298  -7.29344966  -7.1953764
  -7.11037433  -7.03901572  -6.98169601  -6.9386489   -6.90996331
  -6.89560126  -6.89541565  -6.90916721  -6.93653997  -6.97715474
  -7.03058041  -7.09634269  -7.17393038  -7.26279905  -7.36237241
  -7.47204135  -7.5911609   -7.71904548  -7.85496251  -7.99812486
  -8.14768234  -8.30271266  -8.4622123   -8.62508757  -8.79014659
  -8.95609247  -9.12151856  -9.28490614  -9.44462553  -9.59894111
  -9.74602105  -9.88395251 -10.01076278 -10.12444684 -10.22300167
 -10.30446711 -10.36697283 -10.4087907  -10.42839092 -10.42450026
 -10.39615976 -10.34277925 -10.26418545 -10.16066027 -10.03296642
  -9.8823573   -9.71056928  -9.51979523  -9.3126393   -9.09205435
  -8.86126455  -8.62367697  -8.38278658  -8.14207982  -7.90494185
  -7.67457205  -7.45391199  -7.2455885   -7.05187373  -6.87466259
  -6.71546672  -6.57542349  -6.4553175   -6.35561177  -6.27648565
  -6.21787663  -6.17952325  -6.1610071   -6.16179197  -6.18125889
  -6.21873628  -6.27352453  -6.34491514  -6.43220417  -6.53470051
  -6.65172928  -6.78263065  -6.92675479  -7.08345315  -7.25206668
  -7.43191124  -7.62226079  -7.8223285   -8.03124633  -8.24804338
  -8.47162353  -8.70074289  -8.93398773  -9.16975364  -9.40622697
  -9.64136976  -9.87290937 -10.09833462 -10.31490006 -10.51964036
 -10.70939664 -10.88085663 -11.03061015 -11.15522088 -11.25131461
 -11.31568316 -11.34540161 -11.33795532 -11.291371   -11.20434502
 -11.07636055 -10.9077842  -10.6999331  -10.45510381 -10.17655667
  -9.86845209  -9.53573882  -9.18399874  -8.81925632  -8.44776498
  -8.07578432  -7.70936333  -7.35414401  -7.01519719  -6.69689922
  -6.40285396  -6.13586038  -5.89792237  -5.69029451  -5.51355575
  -5.36770211  -5.25224987  -5.1663415   -5.108848    -5.07846305
  -5.07378557  -5.09338925  -5.13587827  -5.19992956  -5.28432268
  -5.38795838  -5.50986746  -5.64921139  -5.80527587  -5.9774588
  -6.16525338  -6.36822736  -6.5859988   -6.81820889  -7.06449197
  -7.32444286  -7.59758152  -7.88331509  -8.18089724  -8.48938489
  -8.80759277  -9.13404595  -9.46693158  -9.8040508  -10.14277281
 -10.4799935  -10.81210193 -11.13495871 -11.44389105 -11.73371014
 -11.99875679 -12.23298158 -12.43006509 -12.58358235 -12.68721365
 -12.73499981 -12.72163561 -12.64278942 -12.49543054 -12.27814032
 -11.99137817 -11.63767189 -11.22170309 -10.75026478 -10.23207879
  -9.67747457  -9.09794724  -8.50562784  -7.91271035  -7.33088633
  -6.7708363   -6.24181946  -5.75138938  -5.30524741  -4.90722946
  -4.55940845  -4.26228595  -4.01504264  -3.81581755  -3.66199032
  -3.55044623  -3.47781049  -3.44064417  -3.43559961  -3.45953625
  -3.5096011   -3.5832786   -3.67841576  -3.7932278   -3.92628931
  -4.07651513  -4.24313415  -4.42565897  -4.62385294  -4.83769618
  -5.0673511   -5.31312777  -5.57544921  -5.85481593  -6.15176939
  -6.46685333  -6.80057202  -7.15334438  -7.52545258  -7.91698398
  -8.32776506  -8.75728624  -9.20461677  -9.6683091  -10.14629307
 -10.63576109 -11.13304686 -11.6335022  -12.13137871 -12.61972416
 -13.09030676 -13.53358412 -13.93873744 -14.29379401 -14.58586232
 -14.80150212 -14.92724563 -14.95027422 -14.85923693 -14.6451726
 -14.30246902 -13.82976446 -13.23067454 -12.51421995 -11.69484401
 -10.79194767  -9.82893189  -8.83181336  -7.82755421  -6.84230076
  -5.89974576  -5.01980609  -4.21774985  -3.50382636  -2.88337279
  -2.35730677  -1.92287874  -1.57455062  -1.30488424  -1.10535277
  -0.96702291  -0.88108577  -0.839238    -0.83392934  -0.85850019
  -0.90723455  -0.97535217  -1.05896012  -1.15497974  -1.26106138
  -1.3754953   -1.49712489  -1.62526569  -1.75963251  -1.90027556
  -2.04752587  -2.20194957  -2.36431054  -2.53554052  -2.71671581
  -2.90903949  -3.11382833  -3.33250325  -3.56658255  -3.81767667
  -4.08748382  -4.377785    -4.69043767  -5.02736634  -5.39054891
  -5.7819967   -6.20372614  -6.65771948  -7.14587154  -7.66991859
  -8.23134532  -8.83126465  -9.47026496 -10.14821866 -10.86404607
 -11.61542919 -12.39847175 -13.20730515 -14.03364583 -14.86631866
 -15.69077391 -16.48864365 -17.23740624 -17.91025444 -18.47629
 -18.90118926 -19.14848941 -19.18162013 -18.96673341 -18.4762537
 -17.69287963 -16.61354137 -15.25260837 -13.64353501 -11.83821946
  -9.9036895   -7.91628948  -5.95418471  -4.08950164  -2.38157485
  -0.87248924   0.41451516   1.47393025   2.31487792   2.95699269
   3.4262028    3.7510611    3.95995536   4.07925483   4.132276
   4.13887307   4.11545142   4.07523333   4.02864868   3.98376609
   3.94671326   3.92205961   3.91315      3.92238733   3.95146704
   4.0015685    4.07350915   4.16786694   4.2850762    4.42550118
   4.58949103   4.77741902   4.98970855   5.22684744   5.48939188
   5.77796083   6.09322087   6.43586155   6.80656048   7.20593711]z :[25.68930069 25.62036773 25.56305387 25.5180735  25.48607335 25.46762543
 25.46321887 25.4732509  25.49801671 25.53769863 25.59235458 25.66190612
 25.74612651 25.84462907 25.95685638 26.082071   26.21934814 26.36757113
 26.52543035 26.69142632 26.86387749 27.04093339 27.22059343 27.40073144
 27.57912599 27.75349585 27.92154007 28.08098149 28.2296123  28.36534022
 28.48623334 28.59056198 28.67683575 28.74383431 28.79063049 28.81660499
 28.82145222 28.80517732 28.7680849  28.71076044 28.63404558 28.53900885
 28.42691332 28.29918284 28.15736827 28.00311498 27.83813274 27.66416864
 27.48298363 27.2963329  27.10595007 26.91353504 26.72074523 26.52918975
 26.34042605 26.1559585  25.97723856 25.80566589 25.64259001 25.48931215
 25.34708684 25.21712293 25.10058367 24.99858565 24.91219623 24.8424293
 24.79023908 24.75651184 24.74205521 24.74758523 24.77371078 24.8209156
 24.88953795 24.97974814 25.09152432 25.22462705 25.37857354 25.5526124
 25.74570018 25.95648109 26.18327158 26.42405134 26.67646268 26.93781991
 27.20513011 27.47512664 27.74431568 28.00903585 28.26552991 28.51002653
 28.73882952 28.94841081 29.13550285 29.29718608 29.43096659 29.53484
 29.60733802 29.64755538 29.65515605 29.63035923 29.57390663 29.48701404
 29.37131069 29.22877076 29.06164096 28.87236852 28.66353264 28.43778251
 28.19778336 27.94617206 27.68552224 27.41831888 27.14694159 26.87365543
 26.60060818 26.32983273 26.06325337 25.80269478 25.54989288 25.30650648
 25.07412923 24.85430107 24.64851882 24.4582455  24.28491795 24.12995245
 23.99474799 23.88068689 23.78913232 23.72142244 23.67886057 23.66270114
 23.67413079 23.71424432 23.78401511 23.88425967 24.01559647 24.17839901
 24.37274394 24.59835501 24.85454466 25.14015519 25.45350269 25.79232704
 26.15375244 26.53426307 26.92969885 27.33527622 27.74563781 28.15493431
 28.55693926 28.94519576 29.31319074 29.65454995 29.9632436  30.23379084
 30.46144973 30.64237958 30.77376405 30.85388629 30.88215127 30.85905501
 30.78610515 30.66570075 30.50098269 30.2956669  30.05387308 29.77996011
 29.47837713 29.15353682 28.80971405 28.45097114 28.08110827 27.70363645
 27.32176945 26.93843062 26.55627083 26.17769398 25.804887   25.4398521
 25.08443939 24.74037861 24.40930923 24.09280828 23.79241583 23.50965787
 23.24606666 23.00319855 22.78264909 22.58606539 22.41515554 22.27169448
 22.15752599 22.07455997 22.02476403 22.01014837 22.03274264 22.09456323
 22.19756967 22.34360834 22.53434228 22.77116588 23.05510399 23.38669564
 23.76586405 24.19177607 24.6626962  25.17584287 25.72725709 26.3116963
 26.92256793 27.55191883 28.19049601 28.82789164 29.45278082 30.05325243
 30.61722426 31.13292226 31.58939295 31.97700951 32.28792734 32.51644602
 32.659242   32.7154493  32.68658262 32.57631484 32.390137   32.13493978
 31.81856039 31.44933696 31.03570545 30.58586399 30.10751735 29.60770422
 29.09270101 28.56799053 28.03828103 27.50756096 26.97917579 26.45591588
 25.94010685 25.43369662 24.93833545 24.45544737 23.98629232 23.5320195
 23.09371304 22.6724309  22.26923858 21.88523866 21.52159734 21.17956887
 20.86051858 20.56594496 20.29750108 20.05701552 19.84651237 19.66823003
 19.52463793 19.41844998 19.35263315 19.33040901 19.35524552 19.43083556
 19.56105807 19.74991686 20.00145146 20.31961392 20.70810546 21.17016717
 21.70832065 22.32405717 23.01747857 23.78689934 24.6284285  25.53556022
 26.49881417 27.50547801 28.53951284 29.58168496 30.60997955 31.60033143
 32.52767315 33.36725351 34.09612663 34.69466351 35.14790689 35.44658995
 35.587673   35.57432002 35.41532311 35.12406881 34.717206   34.21320477
 33.6309872  32.98877095 32.30320862 31.588847   30.85788157 30.12015109
 29.3833033  28.65306429 27.93355454 27.22760868 26.53707128 25.86305314
 25.2061425  24.56657174 23.94434427 23.33932779 22.7513208  22.18009846
 21.62544364 21.0871673  20.565122   20.05921126 19.56939651 19.0957034
 18.63822826 18.19714558 17.772717   17.36530228 16.9753726  16.60352646
 16.2505087  15.91723277 15.60480689 15.31456429 15.04809811 14.80730127
 14.59441166 14.41206296 14.26334089 14.15184466 14.08175272 14.05789091
 14.08580034 14.17180046 14.32304074 14.54753162 14.85414179 15.2525445
 15.75309058 16.36658016 17.10390016 17.97549037 18.99060086 20.15630891
 21.47627971 22.94928482 24.56754149 26.31500464 28.16582992 30.08331782
 32.01972189 33.91732133 35.71107727 37.33297721 38.71782324 39.8097929
 40.56871772 40.97484627 41.03101526 40.76166736 40.2088932  39.42638595
 38.47262177 37.40458858 36.2730257  35.11959741 33.97591578 32.86399503
 31.79759703 30.78396869 29.8256008  28.92178416 28.06986315 27.26617158
 26.50668456 25.78744034 25.10478942 24.45552192 23.83691457 23.24672847
 22.68317965 22.14489767 21.63088169 21.14045979 20.67325474 20.2291575
 19.80830892 19.41108937 19.03811585 18.69024578 18.36858709 18.07451362
 17.80968557 17.57607395 17.37598859 17.21210841]